# captures
+550-1075+1365-210+1390-265+575-1110+495-1135+1310fG-1080+525jI-1105+1340f+1360-270GbOq+570hIn+530n+1370d+600h+490jK-260+1395d+1415d+580-1100A-19910AlT-205+1425-200+605lMjKfAjIjIjKwTfAh+1335fAn+520n+520nOqAn+520h+1335qPfPq+545h+520
+515-1140+1310-270+1360d+540-1110+520g+1340-260+550-1105Hb+490gI-265E-275+535g+1335oFgHgHgQoPb+485gQo+1355oSoAbH-19950+510gQdSoFgAg+1330o+545-1100HgMbC-315IoA-1130QoPg+495-1135+495-1135Cy+525-1120+480-1135Q-280V-305+1315y+500-1135M
+515-1110+1335-275+1355-265+540b+520-1120+1330-260+545bAbHbCf+1360-270Gb+1340nGbHbHbOnGbHbJ-280+1350nEdGbH-19920A-1115JnMnL-1140+490t+1300p+535bHbHbJdQpWt+1305dGb+495-1135AbCpWbAbCdEdQdAzH
+520-1105+1340-280+1355-260+550-1140+490-1110CfGj+515jAj+1335-270+1360-265+545jCoPjAjAh+1305m+540jAhQmN-275+1350dRjA-19950+510h+1310oEdRjKjLsP-1100+495hI-1135+1330d+1325-315AjW-315+500-1130YzIzW-315+500zYhQ-310+1315-315W-315+500zY
+440-1190+1250-370+1285-340AbAb+1255d+480-1150Ab+460-1165E-345GdAbElAb+435bAb+1280-350AbAb+1260dG-375GqJkA-20030MbElGqAbAbNoAbJkAbElNl+465kG-400A-1170M-1195JkNoMbSkNoNoC-380Sk+470
+510-1115+1330-280+1325-320+520-1110Gh+1305-315+525h+495-1165+460-1135+1310j+1340dA-1140C-275+515o+490oLrIj+500oUoP-310+1315jXjVoL-19940U-1145+1300jXjVoUoPjVoUoLoIjXjVoIjKhUoLoPjLoLoPjXjXjLoL
+545-1110+1335-210+1420d+605-1080+550b+1340d+600-1105+520bLkI-205Em+610kImNkLkLkCdFbL-1075+1365mEm+1425mNgH-19910+555kImEmNk+525oPdFkLgHkCdEmNkCm+615-1070HkToPdFkTkI-200QmEdFkL
+485-1140+1335-275+1270-370+445-1185+515-1110+1305-320+440-1190MnMn+1330-285E-375Mn+1255qMn+520jI-1115O-280+455nIt+1310l+1260qRqMnI-19950+510jKlOp+530jItO-290+525tItIt+1325-290+1340-290+525t+1325-290+525tZ-1120Zt+1325-295S-1120Z-1120+1325-295C-295C-290S-1120Z
+510-1145+1300-280+1350-275+535-1110+515-1140+1280-310+500-1135+490n+495n+1305-315+1310-320MnSrM-1130Pn+520hSrMnOnSr+1315rSt+475-1160O-19945OnQtSt+470yOjQt+465-1165Oj+465-1165Qt+1260-375+460-1170+1255-375+440-1190+440-1190+440-1190+1255-375+440-1190+440-1195+1250-375+1255-375+1255-375+440-1190+440
+510-1110+1250-375+1255d+440-1190FgEdFgFgFg+1260-370EdFgEdFgFgFgEdFgF-1195CdEdEdFg+445-20025AbEdEdFgFgEdFgFgFgEdEdFgEdFgFgFgEdFg+515-1115EdEdEdFgM
+510-1110+1260-370Cd+440-1190E-1185+1255-375EfEfEfHiHiEfCdEfEfEfHiEfEfHiHiHiEfE-20030AbHiHiEfEfHiEfEgEfHiHiEfHiEfEfEg+1330-285+455fEfHiHdH-380+435f+515
+510-1110+1255-375Cd+440-1190EfCdEfEf+445f+1250dCdEfCdEfEfEfCdEfEfCdCdCdEfE-20025+515bHdCdEf+435-1195HdE-1185EfEfCdCdEf+1330-280+455fEmEfCdEfEfCdC-380+1245dEfJ
+470-1155+1255-375C-370A-1160+440-1190Cd+465f+475bGh+1285-345+1260eAfKlAfIfAfKlAfIfCe+1280-350CeI-1170I-19990AfNoNlG-1185AfK-340I-1165+460tAfNoNoAfNoIfItItNlIpUtKlNoNoIpU
+480-1145+1300-325C-330A-1150Af+1295e+510-1120Ab+485b+1320-300C-335Af+1325-295+495bJbJ-1140Gm+505iHiCeCeCeJbA-19960+475qCdCeJqAbCe+490qHiJbCd+1305-320HiN-290PbJqJbNo+520iH-1115CeVdCeJbJ

# lkg
550,1075,1365,210,1390,265,575,1110,495,1135,1310,265,575,1080,525,1135,495,1105,1340,265,1360,270,575,1075,1340,270,570,1110,495,1105,530,1105,1370,210,600,1110,490,1135,1310,260,1395,210,1415,210,580,1100,550,19910,550,1080,1370,205,1425,200,605,1080,525,1135,1310,265,550,1135,495,1135,495,1135,1310,260,1370,265,550,1110,1335,265,550,1105,520,1105,520,1105,1340,270,550,1105,520,1110,1335,270,1360,265,1360,270,545,1110,520
