# captures
+545-1080+1370-205+1425d+610-1105+1340-200F-1075+555-1100+525gMb+1365d+1420dFbCiF-1110+520p+495lN-215+600j+550p+1310-260CwU-1135RlH-19160MlHwC-270Ag+1335zApQg+530gQgHz+1355zAgHz+540pMgRxV-315+500xRxV-315+1315-315MpQpV
+485-1140+1305-320+1260-370+440-1190+1255-375Gh+520-1120+435hK-1110CdIjGh+1320-295+450h+470-1155GhIjGhGhIjIjGh+465-1170I-19205+515nIjIjGhIfGhGhGhGhIjIjGhIjGhGhGhIjG-1195MhIjIjGhGhI
+515-1140+1310-265+1370-260+550-1110+1340-270+545b+490bLbLhId+1365dKh+1335d+540h+520bLhNjOhAhNj+1360-275O-1105PhN-19125+525b+1305jQrOh+1330rOhP-1145+485hPhNr+1350rA-1135NrObLhAhNrOhL-1135Nr+1355rOb+460-1135N
+480-1140+1300-325+1305d+485-1145CdFgFgFgFgC-330CdFg+1295h+475-1155A-1150Al+1290-335+470-1160Jk+1285-340+1280-345+465pU-1175+1275-19175UpQtSt+440-1185StU-1165OpOpOkS-350W-350U-1165S-350U-1165U-1165+460-1165S-350U-1165+460-1165S-350W-380Y-1165+460-1165S
+480-1140+1335-280+1320-325+490b+1300-320GbGb+485-1145GbHfH-330J-1150+1290lJbJkAkHl+510-1120Ak+1295l+1325-300Gm+440-1190N-19170AmN-335+1285-345+465-1160+1280yZ-1165+470-1165Z-1160Z-1160XyXy+470-1160Xy+470-1165+460-1160+470-1160+1280-350+470-1160+470-1155+1280y+1280-350Z-1160+470-1160+1280
+510-1110+1310-315+1315-310+495-1140+1305-320G-1135+490kGkLkCjCjGkCjGkGkLhIj+470-1160A-1115Cj+1290-340+465nGk+1280-19180Lk+1255-375UvR-1165UvRw+440-1190XyXyUvUvXy+1250vXyXyXyU-370XyXyU-380ZvXyXyZ
+515-1140+1300-275+1355-280+540-1110+1330d+560-1120+490bLb+485bCd+1380-235JbCd+550-1130Lh+520bCdGhA-1115Id+1350f+535bMbC-19165GkCdTdGbCfJsLb+510kLbCfTfJsCfUbMhAbCfJ-1085RhIfTdUbMbC
+520-1135+1305-275+1355-280+535-1140+1300d+540h+490hKhKh+1310-265EfGhI-270JhKh+485hIfG-1115+515-1110+1330f+1350fGh+510-1090S-19130+545pCdTfGhLnJpQhOrAhCdTfGpSfGpQrArSfGrQrSdEdJrArS
+515-1140+1300-275+1355-280+535-1120+1335dG-1110+520b+490bLjI-270Ed+560h+1310-265+540bL-1115AbCdGb+485-1145CfEdGrAj+1330-19135AjIdEfGjUdQbLjAjKjId+1350dQrUfGjKjKjUfGjKjUdEdQjKjU
+540-1120+1325-230+1370-280+535-1110+1335-275+565-1115+490l+515lNl+1350d+1375f+560-1090+1330fA-1140Mt+505-1125+1300jAtMtWfOjGh+520tW-19135NtWf+1355-265+570bWfGtMtMlNt+1305-270ZjAt+1305fGtMhXtCdQtMlSfPdQlGrS
+515-1140+1325-230+1380-270+560-1120Cd+555b+490-1145+510hJb+1305-275+1350n+540-1110+1330-280+535bJb+480b+1300fP-1115+525-1135Vn+1365-250+575h+485bV-19135+520yMsOfI-1125VnPb+485bJqXyVsOnPbVnPbLhJbVsTb+485qO-240+1370f+565hJbM
+510-1110+1330-275+1355d+540-1140+1320-240+580-1090+515g+490b+520g+1300-280+1350d+545-1105Cd+565-1115+485gMgOp+535gM-1135OpQd+560kLgO-19130NgOpQdY-1085+1335pFgMgMgM-1145+1310-245+1370dFg+1325-230Yg+495bLuCpWgVg+1325-230+1375dY-1120V-1120+1325
+540-1120+1315-250+1365-275A-1135+1310-260+545-1140+490k+510-1090Ab+1305-270+1360pA-1110+1330f+560-1115+495gMn+1335fAu+535nS-280+1350fA-1145+505nS-19130Ab+1300yZfAk+1300yAkLr+525-1130Lk+1300fZfXuSfAr+520r+520rSyXr+515rSfZfAr+520rS
+510-1140+1300-275+1375-235+580-1115Cd+540b+495-1135AhA-1120+1305dE-230+560-1110+1345-250+550p+530-1130+490p+1330dIhI-1090Wd+1370rSp+515bC-19165ZhW-280+1350-280+535pWdIbVp+520p+520bCd+1355dIp+1335dIp+520p+520pWdIp+520pWd+1360-270Ip+520p+1335
+515-1140+1300-280+1350-275+540b+1305f+535-1145+500-1125+490-1135+495n+1310-265+1370-255+570-1115+1325-230+580uMb+485bHf+560u+510-1090+1335-270+1375-235+555-1110+520-1110+1330-19130+545-1120P-260+1360fG-1110E-240X-1090+520bMbYbCd+1375wZbCfGbYbYbCfGjY-1110+1340-270+1355dZ-1120M-1110+1335
+510-1140+1305-270+1355-275+540b+1300-280G-1110+515bA-1120+495-1130Ci+1350i+555lCf+560-1095A-1145+485bHfQl+490-1115+1330f+1360-265+545lA-1135H-19130+520jWfEfGvWfGj+520j+520jKbCfEdGjWi+535j+520j+520j+1335fGj+520j+1335fEfGj+520j+1335
+515-1140+1325-230+1380-265+570-1120+1305-270+560h+490bLb+510-1115Cd+1390-240G-1125C-235+580hLbLbCdKbL-1110+1335-280+1350v+535b+485b+1300-19135+540hZv+1345-275+565nCdKbYtX-1095+520tU-275+1370pKt+1340-255+545t+520tAbI-275Xt+520t+1330-275+1355-275+540nAt+1330

# lkg
515,1140,1300,275,1355,280,540,1110,1330,275,560,1120,490,1140,490,1140,485,1140,1300,275,1380,235,560,1140,1300,275,550,1130,490,1110,520,1140,1300,275,540,1110,515,1115,1330,275,1350,280,535,1140,485,1140,1300,19165,540,1120,1300,275,1350,275,540,1140,1300,280,560,1115,490,1140,510,1120,490,1140,1300,280,1350,280,560,1115,1300,280,535,1140,485,1110,515,1140,1300,280,560,1085,520,1110,1330,280,1350,275,535,1140,485,1140,1300
