# captures
+490-1135+495b+1305-320+500bDeFbAbCbCb+1310eGeC-1140DeChAbAhDeFbAhDeGeGe+485-1145A-20010IhIhG-315+480-1155Ge+470-1160AhMjAhDe+1290-340OpDeOpAbAhGeO-1165+465pGeQr+1280-350TpO
+510-1110+495-1135+1310-315+500-1130+1305-320+525bCdCd+490dIfEjL-1140IjCdCdLm+1340-275+485-1160Cd+1280-345R-350Rs+465-1165L-19940CdPmRsUvIj+470qXqUvUv+1255-375Yz+440-1195+1250z+440-1190+440-1190+440-1190Yz+440-1190+440-1190YzYz+1260-365+440-1190+435
+490-1130+495-1135+1305-320CdEf+485-1150A-1140AiCiE-315+1310fAiKfA-1145AdAiEf+470-1165AdKf+1285-345EfMnA-19970AdAiEfCi+1300fM-1160Cd+480hCdKfOpMsEfMsAdAi+1280-350+465sMsUpUpOpWsM
+490-1135Ab+1310-315+500b+1305-320+495bHbAbHbCg+1285-350+470-1160Fg+475l+485-1140Ao+1280-345Kl+465lIq+1255-370S-375+440-1185R-20030+515-1110R-1165SuV-1190SuV-1190V-1190V-1195VwS-380StV-1190S-380+435w+445wV-1195+1250uV-1190V-1190+1250u+1260t+1260tV-1190V
+510-1110+440-1190+1260-370Cd+1255-380+430dCdCdCdG-375GjCdGjCdCdCdGjCdCdGjGjGjCdC-20035+505bCdGjCdGjCd+520bCdMbGjGjCd+1330-280+455d+465-1160A-1120GjCdMbGjGjGjCdM
+490-1140A-1135+1305-320+495bDeFcAbAb+515-1110De+1260-375AbDeFbFcAbDe+470-1165Gh+1330-280+1320e+1310eFcG-19955+510-1115AcDeAbDeFbAcAbAcDe+1255j+440-1190+1300e+520sFcAb+1325-285+505bAcDeM-290OeAbA
+480-1140+465-1160+1260-365C-1165+1255-375CgCgCgCgHiHi+440-1190H-370JkJkJkHiJkJkHiHiHiJkJ-20030+510-1110JkHiJkHiJkJkJkJkHiHiJkHiJkJkJkHiJkJk+1250iHiHiJk+515

# lkg
490,1135,495,1135,1305,320,500,1135,1305,320,500,1135,490,1135,495,1135,495,1135,1310,320,1310,320,495,1140,1305,320,495,1140,490,1135,490,1140,1305,320,500,1135,490,1140,1305,320,1310,320,1310,320,485,1145,490,20010,485,1140,485,1140,1310,315,480,1155,1310,320,470,1160,490,1140,480,1145,490,1140,1305,320,1290,340,470,1160,1305,320,470,1160,490,1135,490,1140,1310,320,470,1165,465,1160,1310,320,1290,340,1280,350,465,1160,470
