# captures
+550-1070+555b+1370-200+615-1105+525g+1340e+610-1080Ab+560gI-205+1425eJb+1375-210+605g+520-1075CsDmJsAkI-255Ot+580s+530-1100+1345-19120VwHwI-260AgHwIzCgHgHwI-270+1360-275+540-1110+1335-270+540-1110+495-1135+495-1135+1335-270+515-1135+495-1135+1305-315+1315-315H-1110+495-1130+1335
+550-1105+525b+1340-200+615-1075A-1070+1370eF-1100CjCbDe+1430eFhI-205+610bCg+555hIeMbCgIeKeMgNhI-19060+560b+520g+1365lMbCgIlMgCb+545gD-260ItAbDtNjCbCbD-265SbQb+1335-270+1355-275+540-1110QbV
+550-1080+555-1100+1340-205+610d+530-1110+1335-200GdHd+525-1070+1370k+1430k+615-1075NkP-1105LdLdEkGqAdEf+1425kPrLr+1350-19055CrLrEkPbAqNkGrLqCqNf+1420fGqNfGqHd+540-1090E-260CrLiJyN-265ArLrE
+550-1070+560-1100+1340-200+615-1110+520-1075+1370f+610-1105+525mNmEf+1430-205LmEpLj+555jQbKfLjAmEf+1425pL-1080AsE-19125Nd+530dE-260AdNmE-265+545hImIh+1335-275+1355-270XmY-280+510-1135+495-1135+495-1135+1310-315Ih+495-1130+1310-315+1315-315+495-1135+495-1135Y
+550-1075+555-1100+1340-215+600bCb+1365-210+580d+530dKdE-260+1370lA-1105E-265An+520-1110PqEo+545qPq+1330-275S-315+500-1140+490-1135+1305-19150+495yXy+1310-320+495yPq+1335t+510yPq+495y+1310u+1335-280+480-1165+1310u+445-1190PqXwS-280+460-1185+485w+1255-375+1280-350+465-1170+460-1165+1255
+485-1140+490-1135+1310-315+495bCdE-320+500dGdGd+1335-275+1325hCb+1305hCbGdCb+1280-345+475-1155CbEh+1285o+470-1160C-1145+1300-19160I-1130P-1150N-350+465t+480yNz+465t+440-1190+465-1165+1255-375+1255-375+440-1185+1255-375+440-1190+440-1190+440-1190+1255-375+440-1195+435-1185+1255-375+1255-375+440-1190+440-1190+1255
+485-1140+490b+1280-345+470-1160+465g+1305-320FgFgHg+1255-370K-375HgKl+440-1190H-1165H-1170+1250m+445-1185No+1260mKlNoNoK-19210+515-1110NoKmNoNoKmNoNoNoKmKmNoKmNoNoNoRmNoNoKmKmNoNoK
+485-1140+470-1160+1280-345+465-1165+490bEfCdCdGhE-350EjGdEjGdGhGhEfCdCh+1275jKj+450-1180Gh+1260-19210+510-1110CdEjGhGdEj+440-1190GhGh+1250-375+1255uR-1185VuGhRsRsVuRsRsV-370VuRsRsV
+480-1140+490-1135+1310-320+495bCbEfCdCdGd+1305-315EfGdEfGbCbC-1165+1275i+500dGd+1335-280+1325iLbGd+1300-19120+520-1115Cd+1330n+535-1110RvMnUvRvGdEi+1315iLdW-310LdGdGdEi+505dCdEiWiRsCdE

# lkg
485,1140,490,1135,1310,315,495,1140,490,1135,1310,320,500,1135,495,1135,495,1135,1335,275,1325,320,490,1140,1305,320,490,1140,495,1135,490,1140,1280,345,475,1155,490,1140,1310,320,1285,345,470,1160,490,1145,1300,19160,500,1130,475,1150,1280,350,465,1160,480,1150,1280,350,465,1160,440,1190,465,1165,1255,375,1255,375,440,1185,1255,375,440,1190,440,1190,440,1190,1255,375,440,1195,435,1185,1255,375,1255,375,440,1190,440,1190,1255
